<?xml version="1.0"?>
<opencv_storage>
<M1 type_id="opencv-matrix">
  <rows>3</rows>
  <cols>3</cols>
  <dt>d</dt>
  <data>
    6.5241357652015370e+02 0. 3.4737478196748043e+02 0.
    6.5434070705887893e+02 2.2621555342556007e+02 0. 0. 1.</data></M1>
<D1 type_id="opencv-matrix">
  <rows>1</rows>
  <cols>5</cols>
  <dt>d</dt>
  <data>
    -4.3763636007329099e-01 2.8006488733035506e-01
    4.0981386272831622e-04 -1.1888413625068292e-03
    -1.4136761880997478e-01</data></D1>
<M2 type_id="opencv-matrix">
  <rows>3</rows>
  <cols>3</cols>
  <dt>d</dt>
  <data>
    6.5181248374572181e+02 0. 3.3187853747142810e+02 0.
    6.5339335949419046e+02 2.2968726339955754e+02 0. 0. 1.</data></M2>
<D2 type_id="opencv-matrix">
  <rows>1</rows>
  <cols>5</cols>
  <dt>d</dt>
  <data>
    -4.3932608881272195e-01 2.9797543665860654e-01
    -4.7999780141084688e-04 -1.0480857219477820e-03
    -1.6575380391655467e-01</data></D2>
<R1 type_id="opencv-matrix">
  <rows>3</rows>
  <cols>3</cols>
  <dt>d</dt>
  <data>
    9.9964441516773250e-01 -5.8620392937120611e-03
    2.6013068240420170e-02 5.8033365360402080e-03 9.9998044230621075e-01
    2.3315853243672281e-03 -2.6026227329585080e-02
    -2.1797936586566173e-03 9.9965888381517143e-01</data></R1>
<R2 type_id="opencv-matrix">
  <rows>3</rows>
  <cols>3</cols>
  <dt>d</dt>
  <data>
    9.9993558455087461e-01 5.2798013266097798e-03
    -1.0047409957402902e-02 -5.3024541086745978e-03
    9.9998345699189362e-01 -2.2292875470448703e-03
    1.0035473547670247e-02 2.2824198766964580e-03 9.9994703851263078e-01</data></R2>
<P1 type_id="opencv-matrix">
  <rows>3</rows>
  <cols>4</cols>
  <dt>d</dt>
  <data>
    5.4581318104785521e+02 0. 3.3994384384155273e+02 0. 0.
    5.4581318104785521e+02 2.2540025138854980e+02 0. 0. 0. 1. 0.</data></P1>
<P2 type_id="opencv-matrix">
  <rows>3</rows>
  <cols>4</cols>
  <dt>d</dt>
  <data>
    5.4581318104785521e+02 0. 3.3994384384155273e+02
    -5.9573462113779023e+01 0. 5.4581318104785521e+02
    2.2540025138854980e+02 0. 0. 0. 1. 0.</data></P2>
<Q type_id="opencv-matrix">
  <rows>4</rows>
  <cols>4</cols>
  <dt>d</dt>
  <data>
    1. 0. 0. -3.3994384384155273e+02 0. 1. 0. -2.2540025138854980e+02 0.
    0. 0. 5.4581318104785521e+02 0. 0. -9.1620188198129178e+00 0.</data></Q>
<size type_id="opencv-matrix">
  <rows>2</rows>
  <cols>1</cols>
  <dt>i</dt>
  <data>
    640 480</data></size>
</opencv_storage>
