image_width: 644
image_height: 482
camera_name: 00b09d0100eabf6c
camera_matrix:
  rows: 3
  cols: 3
  data: [1105.291759, 0.000000, 295.642259, 0.000000, 1105.291759, 233.448401, 0.000000, 0.000000, 1.000000]
distortion_model: plumb_bob
distortion_coefficients:
  rows: 1
  cols: 5
  data: [-0.197911, -0.167349, -0.001923, -0.000355, 0.000000]
rectification_matrix:
  rows: 3
  cols: 3
  data: [1.000000, 0.000000, 0.000000, 0.000000, 1.000000, 0.000000, 0.000000, 0.000000, 1.000000]
projection_matrix:
  rows: 3
  cols: 4
  data: [1082.228760, 0.000000, 293.959852, 0.000000, 0.000000, 1091.679443, 232.486028, 0.000000, 0.000000, 0.000000, 1.000000, 0.000000]
