image_width: 960
image_height: 600
camera_name: 00b09d0100f9afbc
camera_matrix:
  rows: 3
  cols: 3
  data: [362.064083, 0.000000, 479.208401, 0.000000, 358.704593, 295.029276, 0.000000, 0.000000, 1.000000]
distortion_model: plumb_bob
distortion_coefficients:
  rows: 1
  cols: 5
  data: [-0.268837, 0.045122, 0.005529, 0.000955, 0.000000]
rectification_matrix:
  rows: 3
  cols: 3
  data: [1.000000, 0.000000, 0.000000, 0.000000, 1.000000, 0.000000, 0.000000, 0.000000, 1.000000]
projection_matrix:
  rows: 3
  cols: 4
  data: [247.595718, 0.000000, 477.667252, 0.000000, 0.000000, 260.263672, 304.103846, 0.000000, 0.000000, 0.000000, 1.000000, 0.000000]
