image_width: 644
image_height: 482
camera_name: 00b09d0100eabf6c
camera_matrix:
  rows: 3
  cols: 3
  data: [313.490542, 0.000000, 324.868756, 0.000000, 313.490542, 232.996098, 0.000000, 0.000000, 1.000000]
distortion_model: plumb_bob
distortion_coefficients:
  rows: 1
  cols: 5
  data: [-0.239402, 0.047894, -0.001019, 0.000740, 0.000000]
rectification_matrix:
  rows: 3
  cols: 3
  data: [1.000000, 0.000000, 0.000000, 0.000000, 1.000000, 0.000000, 0.000000, 0.000000, 1.000000]
projection_matrix:
  rows: 3
  cols: 4
  data: [226.917908, 0.000000, 324.884994, 0.000000, 0.000000, 259.248108, 227.527717, 0.000000, 0.000000, 0.000000, 1.000000, 0.000000]

