image_width: 1920
image_height: 1080
camera_name: seecam
camera_matrix:
  rows: 3
  cols: 3
  data: [913.022736, 0.000000, 945.356179, 0.000000, 912.390493, 540.144063, 0.000000, 0.000000, 1.000000]
distortion_model: plumb_bob
distortion_coefficients:
  rows: 1
  cols: 5
  data: [-0.220849, 0.043540, 0.000807, 0.000204, 0.000000]
rectification_matrix:
  rows: 3
  cols: 3
  data: [1.000000, 0.000000, 0.000000, 0.000000, 1.000000, 0.000000, 0.000000, 0.000000, 1.000000]
projection_matrix:
  rows: 3
  cols: 4
  data: [666.091125, 0.000000, 942.390997, 0.000000, 0.000000, 835.025085, 541.283696, 0.000000, 0.000000, 0.000000, 1.000000, 0.000000]
