image_width: 644
image_height: 482
camera_name: 15356350
camera_matrix:
  rows: 3
  cols: 3
  data: [489.6180055370883, 0, 321.3172340203243, 0, 487.5483013629724, 245.3115470857835, 0, 0, 1]
distortion_model: plumb_bob
distortion_coefficients:
  rows: 1
  cols: 5
  data: [-0.361806033233887, 0.1477438376950019, 0.0001046931692513437, -0.001227978295969046, 0]
rectification_matrix:
  rows: 3
  cols: 3
  data: [0.9997360655993928, 0.02288080430153446, -0.002065897955267699, -0.02291618998518904, 0.9995541864575216, -0.01913835342459544, 0.001627076030620087, 0.01918064466478863, 0.9998147105808323]
projection_matrix:
  rows: 3
  cols: 4
  data: [525.8862908057433, 0, 334.9211158752441, 0, 0, 525.8862908057433, 224.7033977508545, 0, 0, 0, 1, 0]