image_width: 644
image_height: 482
camera_name: 00b09d0100eabf6c
camera_matrix:
  rows: 3
  cols: 3
  data: [311.3305701091758, 0, 336.1699177663305, 0, 310.217287967515, 235.5385917214012, 0, 0, 1]
distortion_model: plumb_bob
distortion_coefficients:
  rows: 1
  cols: 5
  data: [-0.2655532982956291, 0.06975145229414233, 0.0002972263254086257, -2.267540482888147e-05, 0]
rectification_matrix:
  rows: 3
  cols: 3
  data: [1, 0, 0, 0, 1, 0, 0, 0, 1]
projection_matrix:
  rows: 3
  cols: 4
  data: [241.4104309082031, 0, 335.8196159160907, 0, 0, 252.7799530029297, 233.0007074472969, 0, 0, 0, 1, 0]