image_width: 644
image_height: 482
camera_name: 15356350
camera_matrix:
  rows: 3
  cols: 3
  data: [486.8988909280919, 0, 328.6964221164986, 0, 485.5281896026681, 245.5034772205886, 0, 0, 1]
distortion_model: plumb_bob
distortion_coefficients:
  rows: 1
  cols: 5
  data: [-0.3528117800544261, 0.1310962268182581, 2.982176543549415e-05, -0.001210152315805445, 0]
rectification_matrix:
  rows: 3
  cols: 3
  data: [0.9996475214662156, 0.003230347798860112, 0.02635142651832315, -0.003259850357149076, 0.9999941070295705, 0.001076699484903968, -0.02634779311633482, -0.001162221678595386, 0.9996521610233574]
projection_matrix:
  rows: 3
  cols: 4
  data: [458.97974541634, 0, 311.8559417724609, -40.24026429450049, 0, 458.97974541634, 238.4019527435303, 0, 0, 0, 1, 0]
