image_width: 644
image_height: 482
camera_name: 15356356
camera_matrix:
  rows: 3
  cols: 3
  data: [495.3947535373901, 0, 354.1683852979787, 0, 491.4835876487691, 201.0027055326015, 0, 0, 1]
distortion_model: plumb_bob
distortion_coefficients:
  rows: 1
  cols: 5
  data: [-0.3589092073447946, 0.1269012271570112, 0.006276387841508461, -0.00813696699956361, 0]
rectification_matrix:
  rows: 3
  cols: 3
  data: [0.9998475949909019, 0.00375488879316085, -0.01704956307534992, -0.003365345533491312, 0.9997339442147047, 0.02281918566359769, 0.01713071044497427, -0.02275833023445541, 0.9995942162520699]
projection_matrix:
  rows: 3
  cols: 4
  data: [534.9856402543035, 0, 343.452995300293, -46.80631941823996, 0, 534.9856402543035, 221.9687767028809, 0, 0, 0, 1, 0]