image_width: 644
image_height: 482
camera_name: 16292323
camera_matrix:
  rows: 3
  cols: 3
  data: [403.100876, 0.000000, 327.403354, 0.000000, 403.395293, 247.496548, 0.000000, 0.000000, 1.000000]
distortion_model: plumb_bob
distortion_coefficients:
  rows: 1
  cols: 5
  data: [-0.162146, 0.115386, 0.000942, 0.001060, 0.000000]
rectification_matrix:
  rows: 3
  cols: 3
  data: [1.000000, 0.000000, 0.000000, 0.000000, 1.000000, 0.000000, 0.000000, 0.000000, 1.000000]
projection_matrix:
  rows: 3
  cols: 4
  data: [387.066528, 0.000000, 327.718714, 0.000000, 0.000000, 387.243469, 247.731209, 0.000000, 0.000000, 0.000000, 1.000000, 0.000000]
