image_width: 644
image_height: 482
camera_name: 00b09d0100ea51c4
camera_matrix:
  rows: 3
  cols: 3
  data: [491.656092478257, 0, 339.9913418484166, 0, 489.9415202337244, 229.573810055709, 0, 0, 1]
distortion_model: plumb_bob
distortion_coefficients:
  rows: 1
  cols: 5
  data: [-0.3562980092483083, 0.1393887357876891, -0.00034352933907329, -0.001209548520373081, 0]
rectification_matrix:
  rows: 3
  cols: 3
  data: [0.9990818063993063, -0.01216100025973666, 0.04108106856669826, 0.01213488411124658, 0.9999259779116565, 0.0008850339112184961, -0.04108879055783578, -0.0003857072725217314, 0.9991554246063995]
projection_matrix:
  rows: 3
  cols: 4
  data: [465.3759482987423, 0, 305.4877967834473, 0, 0, 465.3759482987423, 237.4678821563721, 0, 0, 0, 1, 0]