image_width: 644
image_height: 482
camera_name: 16292323
camera_matrix:
  rows: 3
  cols: 3
  data: [315.371430, 0.000000, 316.859561, 0.000000, 314.834820, 227.933648, 0.000000, 0.000000, 1.000000]
distortion_model: plumb_bob
distortion_coefficients:
  rows: 1
  cols: 5
  data: [-0.253311, 0.054165, 0.002139, 0.001366, 0.000000]
rectification_matrix:
  rows: 3
  cols: 3
  data: [1.000000, 0.000000, 0.000000, 0.000000, 1.000000, 0.000000, 0.000000, 0.000000, 1.000000]
projection_matrix:
  rows: 3
  cols: 4
  data: [232.070847, 0.000000, 319.361172, 0.000000, 0.000000, 258.343475, 224.032263, 0.000000, 0.000000, 0.000000, 1.000000, 0.000000]
