image_width: 644
image_height: 482
camera_name: 15356350
camera_matrix:
  rows: 3
  cols: 3
  data: [493.6620670086332, 0, 327.0668654371052, 0, 489.085825768058, 235.6099616688638, 0, 0, 1]
distortion_model: plumb_bob
distortion_coefficients:
  rows: 1
  cols: 5
  data: [-0.3674710979384592, 0.1552801898573888, 0.004211944505172253, -0.009224382409962179, 0]
rectification_matrix:
  rows: 3
  cols: 3
  data: [0.9996646279147717, 0.01208634718463446, -0.02290309821298533, -0.01260520443860049, 0.9996640509653831, -0.02264716380787978, 0.02262168245472162, 0.02292826681658105, 0.9994811424252613]
projection_matrix:
  rows: 3
  cols: 4
  data: [534.9856402543035, 0, 343.452995300293, 0, 0, 534.9856402543035, 221.9687767028809, 0, 0, 0, 1, 0]