image_width: 644
image_height: 482
camera_name: 15356356
camera_matrix:
  rows: 3
  cols: 3
  data: [488.5966083459841, 0, 338.6171582210627, 0, 486.960440705935, 230.6710446312864, 0, 0, 1]
distortion_model: plumb_bob
distortion_coefficients:
  rows: 1
  cols: 5
  data: [-0.352470889997808, 0.1375277691615966, 0.0005762559764486368, -0.0009555117322431637, 0]
rectification_matrix:
  rows: 3
  cols: 3
  data: [0.9991693896590961, -0.005453129023120229, 0.040383092404208, 0.005498346259638847, 0.9999843752085158, -0.001008725554093093, -0.04037696071621431, 0.001229927921290016, 0.9991837610372927]
projection_matrix:
  rows: 3
  cols: 4
  data: [458.97974541634, 0, 311.8559417724609, 0, 0, 458.97974541634, 238.4019527435303, 0, 0, 0, 1, 0]
