image_width: 644
image_height: 482
camera_name: 15356356
camera_matrix:
  rows: 3
  cols: 3
  data: [488.908453, 0.000000, 325.167842, 0.000000, 486.935087, 231.907386, 0.000000, 0.000000, 1.000000]
distortion_model: plumb_bob
distortion_coefficients:
  rows: 1
  cols: 5
  data: [-0.354721, 0.133979, -0.000801, -0.000755, 0.000000]
rectification_matrix:
  rows: 3
  cols: 3
  data: [0.999638, -0.003112, 0.026740, 0.003193, 0.999990, -0.002998, -0.026731, 0.003082, 0.999638]
projection_matrix:
  rows: 3
  cols: 4
  data: [476.551648, 0.000000, 313.970486, 0.000000, 0.000000, 476.551648, 220.944204, 0.000000, 0.000000, 0.000000, 1.000000, 0.000000]
