image_width: 644
image_height: 482
camera_name: 00b09d0100eabf6c
camera_matrix:
  rows: 3
  cols: 3
<<<<<<< HEAD
  data: [311.3305701091758, 0, 336.1699177663305, 0, 310.217287967515, 235.5385917214012, 0, 0, 1]
=======
  data: [313.3886690402053, 0, 332.1983640820815, 0, 313.4123377504284, 240.0605631759846, 0, 0, 1]
>>>>>>> pool_day
distortion_model: plumb_bob
distortion_coefficients:
  rows: 1
  cols: 5
<<<<<<< HEAD
  data: [-0.2655532982956291, 0.06975145229414233, 0.0002972263254086257, -2.267540482888147e-05, 0]
=======
  data: [-0.2148012563525166, 0.03444285982480984, -0.000623479273593423, 0.0006553709329970072, 0]
>>>>>>> pool_day
rectification_matrix:
  rows: 3
  cols: 3
  data: [1, 0, 0, 0, 1, 0, 0, 0, 1]
projection_matrix:
  rows: 3
  cols: 4
<<<<<<< HEAD
  data: [241.4104309082031, 0, 335.8196159160907, 0, 0, 252.7799530029297, 233.0007074472969, 0, 0, 0, 1, 0]
=======
  data: [218.6790618896484, 0, 340.981869838266, 0, 0, 264.5689086914062, 238.4579793608318, 0, 0, 0, 1, 0]
>>>>>>> pool_day
