image_width: 644
image_height: 482
camera_name: 15356350
camera_matrix:
  rows: 3
  cols: 3
  data: [489.978133, 0.000000, 321.820778, 0.000000, 488.052513, 211.712646, 0.000000, 0.000000, 1.000000]
distortion_model: plumb_bob
distortion_coefficients:
  rows: 1
  cols: 5
  data: [-0.353306, 0.133178, 0.000689, -0.000154, 0.000000]
rectification_matrix:
  rows: 3
  cols: 3
  data: [0.999982, 0.005878, 0.001203, -0.005882, 0.999978, 0.003037, -0.001185, -0.003044, 0.999995]
projection_matrix:
  rows: 3
  cols: 4
  data: [476.551648, 0.000000, 313.970486, -41.785442, 0.000000, 476.551648, 220.944204, 0.000000, 0.000000, 0.000000, 1.000000, 0.000000]
