image_width: 644
image_height: 482
camera_name: 00b09d0100eabf6c
camera_matrix:
  rows: 3
  cols: 3
  data: [311.3305701091758, 0, 336.1699177663305, 0, 310.217287967515, 235.5385917214012, 0, 0, 1]
distortion_model: plumb_bob
distortion_coefficients:
  rows: 1
  cols: 5
  data: [-0.2148012563525166, 0.03444285982480984, -0.000623479273593423, 0.0006553709329970072, 0]
rectification_matrix:
  rows: 3
  cols: 3
  data: [1, 0, 0, 0, 1, 0, 0, 0, 1]
projection_matrix:
  rows: 3
  cols: 4
  data: [218.6790618896484, 0, 340.981869838266, 0, 0, 264.5689086914062, 238.4579793608318, 0, 0, 0, 1, 0]
