image_width: 644
image_height: 482
camera_name: 15356356
camera_matrix:
  rows: 3
  cols: 3
  data: [490.3511897148799, 0, 340.6124110150003, 0, 488.5894080871627, 205.5443029821839, 0, 0, 1]
distortion_model: plumb_bob
distortion_coefficients:
  rows: 1
  cols: 5
  data: [-0.3508742675276636, 0.1316971611727233, 7.300043272733583e-05, 0.0006486984582791716, 0]
rectification_matrix:
  rows: 3
  cols: 3
  data: [0.9998420393715396, 0.01477019586633584, -0.00988623383451743, -0.01457804880769171, 0.9997087323969545, 0.01923358682708091, 0.01016743813953346, -0.01908642667825431, 0.9997661384135462]
projection_matrix:
  rows: 3
  cols: 4
  data: [525.8862908057433, 0, 334.9211158752441, -45.76167300599862, 0, 525.8862908057433, 224.7033977508545, 0, 0, 0, 1, 0]