image_width: 1920
image_height: 1080
camera_name: seecam
camera_matrix:
  rows: 3
  cols: 3
  data: [1216.426059, 0.000000, 922.309340, 0.000000, 1214.385844, 551.658505, 0.000000, 0.000000, 1.000000]
distortion_model: plumb_bob
distortion_coefficients:
  rows: 1
  cols: 5
  data: [-0.101935, 0.116680, 0.000352, 0.000628, 0.000000]
rectification_matrix:
  rows: 3
  cols: 3
  data: [1.000000, 0.000000, 0.000000, 0.000000, 1.000000, 0.000000, 0.000000, 0.000000, 1.000000]
projection_matrix:
  rows: 3
  cols: 4
  data: [1212.101318, 0.000000, 927.533185, 0.000000, 0.000000, 1215.034546, 551.766503, 0.000000, 0.000000, 0.000000, 1.000000, 0.000000]
