image_width: 1920
image_height: 1080
camera_name: seecam
camera_matrix:
  rows: 3
  cols: 3
  data: [903.260286, 0.000000, 977.985625, 0.000000, 898.432970, 549.365502, 0.000000, 0.000000, 1.000000]
distortion_model: plumb_bob
distortion_coefficients:
  rows: 1
  cols: 5
  data: [-0.240059, 0.055610, 0.000040, -0.000154, 0.000000]
rectification_matrix:
  rows: 3
  cols: 3
  data: [1.000000, 0.000000, 0.000000, 0.000000, 1.000000, 0.000000, 0.000000, 0.000000, 1.000000]
projection_matrix:
  rows: 3
  cols: 4
  data: [681.365540, 0.000000, 973.604278, 0.000000, 0.000000, 812.821594, 551.564321, 0.000000, 0.000000, 0.000000, 1.000000, 0.000000]
