{enforce: true, lat1: 29.5358153431059, lat2: 29.5358153387807, lat3: 29.5340110111349,
  lat4: 29.5340110154601, long1: -82.30261036235201, long2: -82.30467366185054, long3: -82.30467363859142,
  long4: -82.30261037571948}
