image_width: 1920
image_height: 1080
camera_name: starboard_cam
camera_matrix:
  rows: 3
  cols: 3
  data: [916.160065, 0.000000, 916.185297, 0.000000, 921.223082, 500.530631, 0.000000, 0.000000, 1.000000]
distortion_model: plumb_bob
distortion_coefficients:
  rows: 1
  cols: 5
  data: [-0.217618, 0.033349, 0.004789, 0.003364, 0.000000]
rectification_matrix:
  rows: 3
  cols: 3
  data: [1.000000, 0.000000, 0.000000, 0.000000, 1.000000, 0.000000, 0.000000, 0.000000, 1.000000]
projection_matrix:
  rows: 3
  cols: 4
  data: [617.164246, 0.000000, 919.883807, 0.000000, 0.000000, 844.413269, 499.013934, 0.000000, 0.000000, 0.000000, 1.000000, 0.000000]
