image_width: 1920
image_height: 1080
camera_name: seecam
camera_matrix:
  rows: 3
  cols: 3
  data: [911.8637250924277, 0.000000, 947.639274, 0.000000, 912.588560, 550.599234, 0.000000, 0.000000, 1.000000]
distortion_model: plumb_bob
distortion_coefficients:
  rows: 1
  cols: 5
  data: [-0.234996, 0.053474, -0.000421, -0.000184, 0.000000]
rectification_matrix:
  rows: 3
  cols: 3
  data: [1.000000, 0.000000, 0.000000, 0.000000, 1.000000, 0.000000, 0.000000, 0.000000, 1.000000]
projection_matrix:
  rows: 3
  cols: 4
  data: [685.385132, 0.000000, 948.980361, 0.000000, 0.000000, 830.560425, 552.273789, 0.000000, 0.000000, 0.000000, 1.000000, 0.000000]
