image_width: 644
image_height: 482
camera_name: 00b09d0100ea51be
camera_matrix:
  rows: 3
  cols: 3
  data: [488.0466556041691, 0, 320.91045824925, 0, 486.3795016081167, 246.1958605840769, 0, 0, 1]
distortion_model: plumb_bob
distortion_coefficients:
  rows: 1
  cols: 5
  data: [-0.3425676494946711, 0.1177146425713705, -0.0005934605164413806, -0.0009178441130916989, 0]
rectification_matrix:
  rows: 3
  cols: 3
  data: [0.9994249305454693, -0.00301656546581539, 0.03377437692947614, 0.003038032116478552, 0.999995214471986, -0.0005842892998690783, -0.03377245275432516, 0.0006865609347659446, 0.999429312192233]
projection_matrix:
  rows: 3
  cols: 4
  data: [465.3759482987423, 0, 305.4877967834473, -41.24711070556865, 0, 465.3759482987423, 237.4678821563721, 0, 0, 0, 1, 0]