sub8_hydrophones/dist_h             :  2.286000e-02
sub8_hydrophones/dist_h4            :  2.286000e-02
sub8_hydrophones/v_sound            :  1482
