hydrophones/dist_h             :  2.286000e-02
hydrophones/dist_h4            :  2.286000e-02
hydrophones/v_sound            :  1482