image_width: 644
image_height: 482
camera_name: front_right_cam
camera_matrix:
  rows: 3
  cols: 3
  data: [652.230771, 0.000000, 321.968852, 0.000000, 651.002721, 237.272699, 0.000000, 0.000000, 1.000000]
distortion_model: plumb_bob
distortion_coefficients:
  rows: 1
  cols: 5
  data: [-0.282333, 0.211657, -0.004235, 0.001019, 0.000000]
rectification_matrix:
  rows: 3
  cols: 3
  data: [1.000000, 0.000000, 0.000000, 0.000000, 1.000000, 0.000000, 0.000000, 0.000000, 1.000000]
projection_matrix:
  rows: 3
  cols: 4
  data: [611.759705, 0.000000, 322.577756, 0.000000, 0.000000, 626.668091, 235.691814, 0.000000, 0.000000, 0.000000, 1.000000, 0.000000]
