!!python/object/new:dynamic_reconfigure.encoding.Config
dictitems:
  frame: utm
  groups: !!python/object/new:dynamic_reconfigure.encoding.Config
    dictitems:
      frame: utm
      groups: !!python/object/new:dynamic_reconfigure.encoding.Config
        state: []
      id: 0
      name: Default
      parameters: !!python/object/new:dynamic_reconfigure.encoding.Config
        state: []
      parent: 0
      state: true
      type: ''
      x1: 615236.0
      x2: 615328.8125
      x3: 615063.75
      x4: 615087.375
      y1: 2357039.0
      y2: 2356856.0
      y3: 2356850.0
      y4: 2357039.75
      z1: 1.027150273323059
      z2: 1.1384865045547485
      z3: 0.7197745442390442
      z4: 0.7844403386116028
    state: []
  x1: 615236.0
  x2: 615328.8125
  x3: 615063.75
  x4: 615087.375
  y1: 2357039.0
  y2: 2356856.0
  y3: 2356850.0
  y4: 2357039.75
  z1: 1.027150273323059
  z2: 1.1384865045547485
  z3: 0.7197745442390442
  z4: 0.7844403386116028
state: []
