!!python/object/new:dynamic_reconfigure.encoding.Config
dictitems:
  frame: utm
  groups: !!python/object/new:dynamic_reconfigure.encoding.Config
    dictitems:
      frame: utm
      groups: !!python/object/new:dynamic_reconfigure.encoding.Config
        state: []
      id: 0
      name: Default
      parameters: !!python/object/new:dynamic_reconfigure.encoding.Config
        state: []
      parent: 0
      state: true
      type: ''
      x1: 615236.0625
      x2: 615327.75
      x3: 615124.5
      x4: 615124.6875
      y1: 2357038.5
      y2: 2356856.25
      y3: 2356817.75
      y4: 2357046.5
      z1: 1.1375231742858887
      z2: 1.0944616794586182
      z3: 0.1965378373861313
      z4: 0.5765467286109924
    state: []
  x1: 615236.0625
  x2: 615327.75
  x3: 615124.5
  x4: 615124.6875
  y1: 2357038.5
  y2: 2356856.25
  y3: 2356817.75
  y4: 2357046.5
  z1: 1.1375231742858887
  z2: 1.0944616794586182
  z3: 0.1965378373861313
  z4: 0.5765467286109924
state: []
