header: 
  seq: 302960
  stamp: 
    secs: 1536504894
    nsecs: 589061021
  frame_id: "/enu"
child_frame_id: "/base_link"
pose: 
  pose: 
    position: 
      x: -8.34160853857
      y: -34.3159682975
      z: -1.19382736536
    orientation: 
      x: 0.0151388086546
      y: 0.00639015519206
      z: -0.659205226867
      w: 0.75178351356
  covariance: [0.01407581783742322, -0.0015476567105493905, 0.0003825589110052166, -5.707073096849165e-07, -3.187261559296699e-07, -2.9240992652289768e-05, -0.0015476567105493905, 0.01575834954684787, -0.00574129377523331, 1.3522115420246473e-06, -5.820926771032883e-07, -1.6181201842408502e-06, 0.0003825589110052166, -0.00574129377523331, 0.05084876843490316, 2.293641247922718e-06, 5.3111167548013426e-06, -8.997799620356815e-07, -5.707073096849165e-07, 1.3522115420246473e-06, 2.293641247922718e-06, 2.9950993762202334e-06, 4.301253372193118e-08, -1.5374389129890462e-07, -3.187261559296699e-07, -5.820926771032883e-07, 5.3111167548013426e-06, 4.301253372193118e-08, 3.0914693882323414e-06, -1.0954928308985344e-06, -2.9240992652289768e-05, -1.6181201842408502e-06, -8.997799620356815e-07, -1.5374389129890462e-07, -1.0954928308985344e-06, 2.6003300518321475e-05]
twist: 
  twist: 
    linear: 
      x: 0.329960843588
      y: 0.0373002281036
      z: 0.0180869201033
    angular: 
      x: 0.0327820641668
      y: 0.0135012562851
      z: 0.178827103212
  covariance: [0.0009614920610115808, -2.5673705196893362e-05, -0.0003148734562481957, 9.229975627605286e-09, -0.0005577007878357267, 5.472546417019116e-05, -2.5673705196893362e-05, 0.0010703137341340678, -8.095371043873419e-05, 0.0005576793000875396, -1.1981453096608375e-08, -0.00023236947202004866, -0.0003148734562481957, -8.095371043873419e-05, 0.0001944766661386043, -5.468916150133901e-05, 0.0002321810931577756, 2.751477469218305e-09, 9.229975627605286e-09, 0.0005576793000875396, -5.468916150133901e-05, 0.0004005648312767017, -3.533147620313911e-09, 3.1575549716779704e-08, -0.0005577007878357267, -1.1981453096608375e-08, 0.0002321810931577756, -3.533147620313911e-09, 0.0004005683141511314, 1.2184244711087544e-08, 5.472546417019116e-05, -0.00023236947202004866, 2.751477469218305e-09, 3.1575549716779704e-08, 1.2184244711087544e-08, 0.000400969991034383]

