header: 
  seq: 1184
  stamp: 
    secs: 1536504893
    nsecs: 469568967
  frame_id: "lla"
point: 
  x: 29.5348878813
  y: -82.3037576066
  z: -194.873420479

