{enforce: true, lat1: 21.305748423277702, lat2: 21.30639710664512, lat3: 21.30770272224603,
  lat4: 21.30705404, long1: -157.88798305044537, long2: -157.88695004440788, long3: -157.88763716280926,
  long4: -157.88867017}
