{enforce: true, lat1: 21.31139511990995, lat2: 21.310799034961416, lat3: 21.30948497606932,
  lat4: 21.310017869308005, long1: -157.88932101141714, long2: -157.8908255966243,
  long3: -157.89037273981896, long4: -157.88873371841683}
