{enforce: true, lat1: 21.3093999977932, lat2: 21.308891236491466, lat3: 21.307914785432153,
  lat4: 21.30865744423127, long1: -157.88861615540685, long2: -157.88972622804025,
  long3: -157.88882585130506, long4: -157.88771508071076}
