enforce: true, 
lat1: 29.53507545
long1: -82.30329047
lat2: 29.53471423
long2: -82.30431432
lat3: 29.53424049
long3: -82.3040412
lat4: 29.53484063
long4: -82.30317729
