---
image_width: 640
image_height: 480
camera_name: head_camera
camera_matrix:
  rows: 3
  cols: 3
  data: [1137.98804, 0., 969.70439,
         0., 1135.58547, 522.05503,
         0., 0., 1.]
distortion_model: plumb_bob
distortion_coefficients:
  rows: 1
  cols: 5
  data: [0.086519, -0.082546, 0.001258, -0.004802, 0.000000]
rectification_matrix:
  rows: 3
  cols: 3
  data: [1., 0., 0.,
         0., 1., 0.,
         0., 0., 1.]
projection_matrix:
  rows: 3
  cols: 4
  data: [1160.79333, 0., 957.94965, 0.,
         0., 1166.58521, 522.95335, 0.,
         0., 0., 1., 0.]
